WAVE,FLUX,ERR,BGFLUX
3642.305,4.687431E-16,3.6114868E-17,2.057592E-16
3647.8252,5.5255877E-16,3.555882E-17,9.153204E-17
3653.3455,5.7413434E-16,3.5348273E-17,1.1122202E-16
3658.8657,5.1107935E-16,3.4638175E-17,1.6124958E-16
3664.3857,6.426685E-16,3.4800766E-17,8.05846E-17
3669.906,5.628542E-16,3.3798716E-17,1.1182983E-16
3675.4263,5.8053187E-16,3.3389486E-17,9.5114865E-17
3680.9465,6.3653324E-16,3.357853E-17,1.1201862E-16
3686.4668,7.0142973E-16,3.3508163E-17,7.405543E-17
3691.987,6.9451095E-16,3.3088922E-17,8.293786E-17
3697.5073,6.397832E-16,3.2765716E-17,1.6256873E-16
3703.0276,7.0500463E-16,3.2714252E-17,1.3137845E-16
3708.5479,7.106585E-16,3.252601E-17,1.5386412E-16
3714.068,7.4378524E-16,3.2396383E-17,1.461888E-16
3719.5884,7.459005E-16,3.214607E-17,1.5575786E-16
3725.1086,7.340422E-16,3.1899076E-17,1.864569E-16
3730.629,6.7959656E-16,3.1072547E-17,1.94443E-16
3736.1492,7.4382204E-16,3.126774E-17,1.8006614E-16
3741.6694,7.292972E-16,3.0913437E-17,1.9868307E-16
3747.1897,7.9623945E-16,3.076763E-17,1.4173495E-16
3752.71,7.3787766E-16,3.010109E-17,1.5750044E-16
3758.2302,6.985221E-16,2.947902E-17,1.6232849E-16
3763.7502,7.181094E-16,2.9100267E-17,1.2764227E-16
3769.2705,7.691377E-16,2.9279418E-17,1.2673205E-16
3774.7908,7.367941E-16,2.8745042E-17,1.194013E-16
3780.311,7.6943515E-16,2.901477E-17,1.6225239E-16
3785.8313,7.508203E-16,2.8426472E-17,1.2813098E-16
3791.3516,7.539396E-16,2.850669E-17,1.7756741E-16
3796.8718,7.3852914E-16,2.7877343E-17,1.4549461E-16
3802.392,7.966375E-16,2.7827312E-17,9.153564E-17
3807.9124,7.6065306E-16,2.7314179E-17,1.0622195E-16
3813.4326,7.8980534E-16,2.7393641E-17,1.0448657E-16
3818.953,7.370544E-16,2.7146891E-17,1.7017714E-16
3824.4731,7.2602677E-16,2.6873128E-17,1.7594595E-16
3829.9934,7.423833E-16,2.6588614E-17,1.4775592E-16
3835.5137,7.153415E-16,2.644491E-17,1.9159249E-16
3841.034,6.991188E-16,2.5972361E-17,1.6843562E-16
3846.5542,7.422185E-16,2.6022348E-17,1.5312415E-16
3852.0745,7.384427E-16,2.5510723E-17,1.1279799E-16
3857.5947,7.5526063E-16,2.5072862E-17,5.3675174E-17
3863.115,6.370915E-16,2.4256668E-17,1.0610041E-16
3868.635,6.0223963E-16,2.4085374E-17,1.4949888E-16
3874.1553,5.746835E-16,2.3500613E-17,1.3403676E-16
3879.6755,5.7895607E-16,2.349383E-17,1.4474022E-16
3885.1958,5.438008E-16,2.2868081E-17,1.2153839E-16
3890.716,5.187393E-16,2.2477804E-17,1.1683201E-16
3896.2363,5.087487E-16,2.2490545E-17,1.5805656E-16
3901.7566,5.708068E-16,2.2989538E-17,1.6893559E-16
3907.2769,5.704778E-16,2.2731913E-17,1.5297735E-16
3912.797,5.749322E-16,2.2787357E-17,1.7910672E-16
3918.3174,5.7885655E-16,2.2660075E-17,1.7123838E-16
3923.8376,6.343408E-16,2.2484817E-17,9.560207E-17
3929.358,5.826473E-16,2.2216839E-17,1.4143108E-16
3934.8782,5.717545E-16,2.1812397E-17,1.115443E-16
3940.3984,5.1814525E-16,2.1349887E-17,1.347808E-16
3945.9187,5.347438E-16,2.1359228E-17,1.2985023E-16
3951.439,5.2611186E-16,2.1162913E-17,1.2517949E-16
3956.9592,4.8991094E-16,2.0636022E-17,1.1412078E-16
3962.4795,4.533329E-16,2.0051991E-17,9.456191E-17
3967.9998,4.781216E-16,2.0065547E-17,7.7704434E-17
3973.5198,3.9743757E-16,1.9578688E-17,1.3030751E-16
3979.04,4.2360525E-16,1.9646878E-17,1.2439808E-16
3984.5603,4.130016E-16,1.9511655E-17,1.2842446E-16
3990.0806,4.6641975E-16,1.9742368E-17,1.0670442E-16
3995.6008,4.3395083E-16,1.9661268E-17,1.4975066E-16
4001.121,4.373381E-16,1.961453E-17,1.5296368E-16
4006.6414,4.917671E-16,2.0100797E-17,1.6339346E-16
4012.1616,5.0662756E-16,2.0249684E-17,1.8367493E-16
4017.682,5.5824866E-16,2.058436E-17,1.8503936E-16
4023.2021,6.2609965E-16,2.0925697E-17,1.629101E-16
4028.7224,6.2849585E-16,2.1026258E-17,1.9620424E-16
4034.2427,7.112685E-16,2.1409514E-17,1.6018936E-16
4039.763,7.0582546E-16,2.1364244E-17,1.7447517E-16
4045.2832,7.0871607E-16,2.1171954E-17,1.5606744E-16
4050.8035,7.445911E-16,2.1379813E-17,1.5594436E-16
4056.3237,7.6221795E-16,2.1713034E-17,2.0321354E-16
4061.844,7.735968E-16,2.1565454E-17,1.777692E-16
4067.3643,7.676466E-16,2.1434668E-17,1.7588009E-16
4072.8845,7.7588536E-16,2.1397083E-17,1.7103968E-16
4078.4045,7.7791824E-16,2.1400633E-17,1.8327638E-16
4083.9248,7.0744615E-16,2.1231999E-17,2.5272072E-16
4089.445,7.636674E-16,2.1114043E-17,1.7533483E-16
4094.9653,7.375515E-16,2.1002159E-17,2.0100765E-16
4100.486,7.9860045E-16,2.1171979E-17,1.6849275E-16
4106.006,7.783925E-16,2.1006434E-17,1.7128311E-16
4111.5264,7.9965607E-16,2.0990967E-17,1.5105239E-16
4117.0464,8.3115023E-16,2.1159553E-17,1.5233878E-16
4122.567,8.0719376E-16,2.1093359E-17,1.8173857E-16
4128.087,8.1352655E-16,2.0952634E-17,1.5679379E-16
4133.607,7.790023E-16,2.0736933E-17,1.7345596E-16
4139.1274,7.8384805E-16,2.0679074E-17,1.6899336E-16
4144.6475,7.56806E-16,2.0402617E-17,1.6342631E-16
4150.168,7.267267E-16,2.0171396E-17,1.7192257E-16
4155.688,6.851972E-16,1.991747E-17,1.9273229E-16
4161.2085,6.778828E-16,1.9858529E-17,1.9331032E-16
4166.7285,6.3615684E-16,1.9696972E-17,2.2917342E-16
4172.249,6.670324E-16,1.9760931E-17,2.0614257E-16
4177.769,6.878217E-16,1.9809728E-17,1.9611453E-16
4183.2896,6.83609E-16,1.9654169E-17,1.8396636E-16
4188.8096,7.2491605E-16,1.9911061E-17,1.8125127E-16
4194.33,7.136212E-16,1.982596E-17,1.9094239E-16
4199.85,8.007068E-16,2.0143549E-17,1.4014528E-16
4205.3706,7.6738607E-16,1.9910123E-17,1.5038328E-16
4210.8906,7.6040953E-16,1.996349E-17,1.7476278E-16
4216.411,7.717278E-16,2.0043188E-17,1.8122536E-16
4221.931,7.7815927E-16,2.0031522E-17,1.8012341E-16
4227.4517,7.602837E-16,1.9781904E-17,1.679602E-16
4232.9717,8.1416256E-16,1.9990578E-17,1.4961245E-16
4238.4917,8.469022E-16,2.0230338E-17,1.5301974E-16
4244.012,7.7549254E-16,1.9773895E-17,1.7100024E-16
4249.532,7.996575E-16,1.9756729E-17,1.4026537E-16
4255.0527,7.968284E-16,1.981988E-17,1.6383796E-16
4260.5728,7.6149877E-16,1.9626504E-17,1.7920578E-16
4266.0933,7.9590514E-16,1.9744014E-17,1.6393654E-16
4271.6133,7.4791786E-16,1.9327676E-17,1.589733E-16
4277.134,7.251479E-16,1.9172943E-17,1.626121E-16
4282.654,7.283263E-16,1.9170088E-17,1.6200757E-16
4288.1743,7.4203554E-16,1.916305E-17,1.4841326E-16
4293.6943,7.3265597E-16,1.8934679E-17,1.260401E-16
4299.215,6.952703E-16,1.8725882E-17,1.4497604E-16
4304.735,7.260457E-16,1.8931903E-17,1.4459517E-16
4310.2554,7.189175E-16,1.894454E-17,1.605363E-16
4315.7754,7.0916934E-16,1.881993E-17,1.5942761E-16
4321.296,7.2404165E-16,1.8957314E-17,1.6913502E-16
4326.816,7.000291E-16,1.8810405E-17,1.7903768E-16
4332.3364,7.3289986E-16,1.8908305E-17,1.5699548E-16
4337.8564,7.472093E-16,1.8957406E-17,1.5431335E-16
4343.3765,7.368106E-16,1.8893687E-17,1.5896494E-16
4348.897,7.641708E-16,1.9004145E-17,1.4786174E-16
4354.417,7.693777E-16,1.9122943E-17,1.675173E-16
4359.9375,7.5537895E-16,1.8993187E-17,1.6487393E-16
4365.4575,7.289508E-16,1.8753334E-17,1.637583E-16
4370.978,7.446521E-16,1.88732E-17,1.6889861E-16
4376.498,6.945539E-16,1.8620024E-17,1.9182524E-16
4382.0186,6.939612E-16,1.8277753E-17,1.3924622E-16
4387.5386,6.7593266E-16,1.8336693E-17,1.7337784E-16
4393.059,6.32648E-16,1.8034344E-17,1.8204496E-16
4398.579,6.4878494E-16,1.8073552E-17,1.7026919E-16
4404.0996,6.337804E-16,1.7974127E-17,1.7573791E-16
4409.6196,5.9846594E-16,1.7729283E-17,1.8429874E-16
4415.14,6.204377E-16,1.7990664E-17,2.0966372E-16
4420.66,5.988713E-16,1.7762048E-17,1.95105E-16
4426.1807,5.820252E-16,1.7639476E-17,2.047561E-16
4431.7007,5.649571E-16,1.7489945E-17,2.0122423E-16
4437.2207,5.2296264E-16,1.7185288E-17,2.089164E-16
4442.741,5.533382E-16,1.7178096E-17,1.7011521E-16
4448.261,5.162625E-16,1.6840635E-17,1.6615386E-16
4453.7817,5.0235184E-16,1.6781329E-17,1.764243E-16
4459.302,4.891695E-16,1.6613876E-17,1.6824462E-16
4464.8223,4.938109E-16,1.6640186E-17,1.6979147E-16
4470.3423,4.76253E-16,1.6355599E-17,1.4881914E-16
4475.863,4.9503507E-16,1.6491915E-17,1.4862597E-16
4481.383,4.7032214E-16,1.6332076E-17,1.5887193E-16
4486.9033,4.7826916E-16,1.6416407E-17,1.652664E-16
4492.4233,4.598513E-16,1.6305795E-17,1.7410993E-16
4497.944,4.6304485E-16,1.6208725E-17,1.6679863E-16
4503.464,4.7797995E-16,1.6315825E-17,1.5767162E-16
4508.9844,4.6550856E-16,1.6241463E-17,1.6671275E-16
4514.5044,4.717773E-16,1.6325692E-17,1.7335223E-16
4520.025,4.656143E-16,1.627661E-17,1.7525122E-16
4525.545,5.0778275E-16,1.6457882E-17,1.5290988E-16
4531.0654,5.309339E-16,1.6741342E-17,1.7135794E-16
4536.5854,5.211857E-16,1.6718214E-17,1.8137049E-16
4542.1055,5.3822067E-16,1.6710799E-17,1.6251709E-16
4547.626,5.0266117E-16,1.6637032E-17,1.9764897E-16
4553.146,5.2303427E-16,1.677094E-17,1.9386668E-16
4558.6665,5.312909E-16,1.6794925E-17,1.9008902E-16
4564.1865,5.374375E-16,1.6813281E-17,1.8639986E-16
4569.707,5.3860485E-16,1.6754608E-17,1.7574038E-16
4575.227,5.5465644E-16,1.6792643E-17,1.6365985E-16
4580.7476,5.7645844E-16,1.699087E-17,1.7004832E-16
4586.2676,5.5572005E-16,1.6849745E-17,1.7874464E-16
4591.788,5.789216E-16,1.7042002E-17,1.8114514E-16
4597.308,6.192202E-16,1.7272777E-17,1.7270884E-16
4602.8286,5.9639256E-16,1.7241432E-17,1.9875512E-16
4608.3486,6.106957E-16,1.7153054E-17,1.6568504E-16
4613.869,6.489458E-16,1.7413977E-17,1.6488196E-16
4619.389,6.160636E-16,1.7313537E-17,1.9543012E-16
4624.9097,6.4145154E-16,1.7420505E-17,1.7925877E-16
4630.4297,6.4511633E-16,1.7230758E-17,1.4245382E-16
4635.95,6.7098366E-16,1.741782E-17,1.4298422E-16
4641.47,6.5240886E-16,1.7401986E-17,1.5963145E-16
4646.99,6.385735E-16,1.7375088E-17,1.7875368E-16
4652.5107,6.297359E-16,1.7389267E-17,1.9201956E-16
4658.031,6.6760813E-16,1.7482133E-17,1.5807047E-16
4663.5513,6.51868E-16,1.7385537E-17,1.6514713E-16
4669.0713,6.9460233E-16,1.782094E-17,1.8868334E-16
4674.592,6.7661034E-16,1.7691463E-17,1.8948867E-16
4680.112,7.223351E-16,1.7895166E-17,1.6816087E-16
4685.6323,7.1103646E-16,1.7880351E-17,1.8087236E-16
4691.1523,6.8380954E-16,1.7771203E-17,1.9901386E-16
4696.673,6.995157E-16,1.772227E-17,1.7035692E-16
4702.193,7.073171E-16,1.7738265E-17,1.6674373E-16
4707.7134,6.7167193E-16,1.7511447E-17,1.7107516E-16
4713.2334,6.9233593E-16,1.7530887E-17,1.5087935E-16
4718.754,7.275797E-16,1.775395E-17,1.5019239E-16
4724.274,6.619286E-16,1.7410959E-17,1.7374605E-16
4729.7944,6.5635016E-16,1.733274E-17,1.7360137E-16
4735.3145,6.9100037E-16,1.7457948E-17,1.493677E-16
4740.835,6.536016E-16,1.7300314E-17,1.7004614E-16
4746.355,6.4434077E-16,1.725501E-17,1.7499961E-16
4751.875,6.2204146E-16,1.7108878E-17,1.8013406E-16
4757.3955,6.413986E-16,1.7267888E-17,1.8407052E-16
4762.9155,6.7194065E-16,1.7283833E-17,1.4870931E-16
4768.436,6.6076103E-16,1.7307049E-17,1.6641405E-16
4773.956,6.473549E-16,1.7209335E-17,1.6553446E-16
4779.4766,6.7501517E-16,1.7371456E-17,1.5877093E-16
4784.9966,6.801238E-16,1.7368928E-17,1.5499865E-16
4790.517,7.0216114E-16,1.7560851E-17,1.5935461E-16
4796.037,6.860082E-16,1.7437976E-17,1.5793729E-16
4801.5576,7.193452E-16,1.7663883E-17,1.5818555E-16
4807.0776,6.8140667E-16,1.7375346E-17,1.5913346E-16
4812.598,7.095796E-16,1.7905752E-17,1.8684406E-16
4818.118,7.5785044E-16,1.8501987E-17,1.7565794E-16
4823.6387,7.244569E-16,1.8955133E-17,1.8230316E-16
4829.1587,7.1232517E-16,1.848478E-17,1.766226E-16
4834.679,6.737273E-16,1.8584702E-17,1.8871068E-16
4840.199,6.623475E-16,1.737704E-17,1.8916774E-16
4845.7197,6.327375E-16,1.8365405E-17,1.925177E-16
4851.2397,5.783326E-16,1.7948099E-17,2.0036061E-16
4856.76,5.641396E-16,1.6668737E-17,1.9010309E-16
4862.2803,5.665829E-16,1.66053E-17,1.7617671E-16
4867.8003,5.7927027E-16,1.6666387E-17,1.6991961E-16
4873.321,5.674457E-16,1.6512006E-17,1.5888997E-16
4878.841,5.302555E-16,1.6191293E-17,1.5569806E-16
4884.3613,5.6774787E-16,1.6533665E-17,1.6458538E-16
4889.8813,5.321919E-16,1.6281821E-17,1.6765336E-16
4895.402,5.1341044E-16,1.6203183E-17,1.8038336E-16
4900.922,5.2067226E-16,1.6287876E-17,1.8562237E-16
4906.4424,5.1013925E-16,1.6157284E-17,1.8136642E-16
4911.9624,5.042311E-16,1.6122617E-17,1.7969717E-16
4917.483,5.1150573E-16,1.6109921E-17,1.6874061E-16
4923.003,5.072488E-16,1.6101092E-17,1.7231918E-16
4928.5234,4.817167E-16,1.5826763E-17,1.6034344E-16
4934.0435,4.8010283E-16,1.5885233E-17,1.7467208E-16
4939.564,4.4229816E-16,1.5494335E-17,1.5861252E-16
4945.084,4.9045055E-16,1.5962177E-17,1.717449E-16
4950.6045,4.478917E-16,1.5560187E-17,1.6349554E-16
4956.1245,4.3598252E-16,1.5591238E-17,1.8252447E-16
4961.6445,4.722213E-16,1.578686E-17,1.6715699E-16
4967.165,4.5364925E-16,1.5757938E-17,1.8656147E-16
4972.685,4.397829E-16,1.5614761E-17,1.8379874E-16
4978.2056,4.6209877E-16,1.572332E-17,1.6979724E-16
4983.7256,4.6646565E-16,1.5700568E-17,1.6370549E-16
4989.246,4.857272E-16,1.5948454E-17,1.7576425E-16
4994.766,4.7390027E-16,1.592959E-17,1.8867942E-16
5000.2866,4.68974E-16,1.5810795E-17,1.7553863E-16
5005.8066,4.668742E-16,1.5681953E-17,1.5658345E-16
5011.327,4.7253914E-16,1.5695805E-17,1.5129496E-16
5016.847,4.804507E-16,1.5751972E-17,1.5067956E-16
5022.3677,4.537302E-16,1.5547617E-17,1.5194179E-16
5027.8877,4.721993E-16,1.5470898E-17,1.1777302E-16
5033.408,4.843304E-16,1.5548193E-17,1.1113267E-16
5038.928,4.2838625E-16,1.5306357E-17,1.473443E-16
5044.4487,4.323092E-16,1.5321701E-17,1.4613934E-16
5049.9688,4.3311746E-16,1.518977E-17,1.2199207E-16
5055.4893,4.3315184E-16,1.5233745E-17,1.3230528E-16
5061.0093,3.9679986E-16,1.5110527E-17,1.602691E-16
5066.5293,4.0334115E-16,1.5017573E-17,1.3396816E-16
5072.05,4.1469891E-16,1.5124541E-17,1.3444231E-16
5077.57,4.1061386E-16,1.5139182E-17,1.415606E-16
5083.0903,4.1135245E-16,1.5286112E-17,1.6466512E-16
5088.6104,4.2017734E-16,1.5205972E-17,1.413237E-16
5094.131,4.4536045E-16,1.5396023E-17,1.3830379E-16
5099.651,4.3976455E-16,1.5539248E-17,1.6781938E-16
5105.1714,4.670388E-16,1.5487447E-17,1.254387E-16
5110.6914,4.3657182E-16,1.539157E-17,1.4727987E-16
5116.212,4.7351985E-16,1.5660207E-17,1.425327E-16
5121.732,4.4946665E-16,1.5559158E-17,1.5814113E-16
5127.2524,4.4772637E-16,1.5426104E-17,1.4022031E-16
5132.7725,4.3809513E-16,1.5377097E-17,1.4126954E-16
5138.293,4.4815656E-16,1.540121E-17,1.3258816E-16
5143.813,3.7367785E-16,1.4982914E-17,1.667339E-16
5149.3335,4.15051E-16,1.531245E-17,1.6330136E-16
5154.8535,3.919924E-16,1.5215815E-17,1.7684497E-16
5160.374,3.58797E-16,1.486786E-17,1.6863791E-16
5165.894,4.0135727E-16,1.5020212E-17,1.3307699E-16
5171.414,3.7655781E-16,1.4911411E-17,1.481898E-16
5176.9346,3.5796036E-16,1.473433E-17,1.4490813E-16
5182.4546,3.4561467E-16,1.4650176E-17,1.4898796E-16
5187.975,3.3227154E-16,1.4511928E-17,1.4908706E-16
5193.495,3.4567798E-16,1.4714858E-17,1.5971112E-16
5199.0156,3.1894194E-16,1.4622331E-17,1.804925E-16
5204.5356,3.2656251E-16,1.4630077E-17,1.7393431E-16
5210.056,3.6834903E-16,1.4952082E-17,1.6412824E-16
5215.576,3.8598577E-16,1.5077742E-17,1.6021124E-16
5221.0967,3.7709298E-16,1.5040642E-17,1.6350902E-16
5226.6167,3.865896E-16,1.5137882E-17,1.6670678E-16
5232.137,3.667733E-16,1.5132596E-17,1.9478527E-16
5237.657,4.0708062E-16,1.5371385E-17,1.7361732E-16
5243.1777,3.8555246E-16,1.5232232E-17,1.8120008E-16
5248.6978,3.9473726E-16,1.527499E-17,1.7303905E-16
5254.2183,4.1803368E-16,1.5375737E-17,1.5934582E-16
5259.7383,4.1620692E-16,1.5231603E-17,1.4019471E-16
5265.2583,4.4159025E-16,1.5555881E-17,1.5531719E-16
5270.779,4.5170197E-16,1.558686E-17,1.4364222E-16
5276.299,4.6018077E-16,1.5529431E-17,1.2631563E-16
5281.8193,4.6570787E-16,1.5833762E-17,1.6209738E-16
5287.3394,4.977733E-16,1.60385E-17,1.5070168E-16
5292.86,4.7878765E-16,1.583792E-17,1.4396637E-16
5298.38,4.8178466E-16,1.5925614E-17,1.516768E-16
5303.9004,5.067324E-16,1.6133554E-17,1.5154416E-16
5309.4204,5.365458E-16,1.6391474E-17,1.5544686E-16
5314.941,5.2200465E-16,1.6286175E-17,1.5485046E-16
5320.461,5.532319E-16,1.6489192E-17,1.4879215E-16
5325.9814,5.355951E-16,1.642553E-17,1.5908835E-16
5331.5015,5.562691E-16,1.6549707E-17,1.513176E-16
5337.022,6.007128E-16,1.6868625E-17,1.4475851E-16
5342.542,5.229197E-16,1.6446642E-17,1.7593445E-16
5348.0625,5.5607004E-16,1.6555352E-17,1.473785E-16
5353.5825,5.823919E-16,1.6778505E-17,1.5195516E-16
5359.103,5.2546213E-16,1.653477E-17,1.8236189E-16
5364.623,5.257823E-16,1.6525315E-17,1.8197627E-16
5370.143,5.183763E-16,1.6497767E-17,1.8173044E-16
5375.6636,5.429136E-16,1.646022E-17,1.417143E-16
5381.1836,5.2107746E-16,1.6382535E-17,1.5868587E-16
5386.704,5.107402E-16,1.6374065E-17,1.714071E-16
5392.224,5.204401E-16,1.6375172E-17,1.5807574E-16
5397.7446,5.4393364E-16,1.6388994E-17,1.2814817E-16
5403.2646,5.1613794E-16,1.6313029E-17,1.5288057E-16
5408.785,5.577303E-16,1.6533342E-17,1.3264993E-16
5414.305,5.531369E-16,1.6592851E-17,1.544451E-16
5419.8257,5.337693E-16,1.6482948E-17,1.5551479E-16
5425.3457,5.1963364E-16,1.6418993E-17,1.5897763E-16
5430.866,5.4663187E-16,1.655846E-17,1.47087E-16
5436.386,5.3006147E-16,1.639534E-17,1.3850279E-16
5441.9067,5.143906E-16,1.6296959E-17,1.4273412E-16
5447.427,4.9770237E-16,1.6233641E-17,1.5215192E-16
5452.9473,5.129746E-16,1.6392584E-17,1.5506731E-16
5458.4673,5.0884705E-16,1.6394812E-17,1.6104987E-16
5463.988,4.624947E-16,1.6023589E-17,1.5892363E-16
5469.508,4.2412755E-16,1.5783855E-17,1.713783E-16
5475.028,3.9278882E-16,1.5682866E-17,1.9421794E-16
5480.5483,4.1472205E-16,1.5580231E-17,1.4689579E-16
5486.0684,3.9198406E-16,1.5393103E-17,1.4654328E-16
5491.589,3.6310942E-16,1.5249126E-17,1.6355116E-16
5497.109,3.6060048E-16,1.5292293E-17,1.7074805E-16
5502.6294,3.377456E-16,1.5138492E-17,1.767958E-16
5508.1494,2.99675E-16,1.4843328E-17,1.8355553E-16
5513.67,3.515981E-16,1.531426E-17,1.8291572E-16
5519.19,3.8784154E-16,1.5471872E-17,1.5627759E-16
5524.7104,3.9289107E-16,1.5420402E-17,1.4546957E-16
5530.2305,3.5237148E-16,1.525144E-17,1.6894204E-16
5535.751,3.522251E-16,1.5233446E-17,1.6652195E-16
5541.271,3.933144E-16,1.5641064E-17,1.7124906E-16
5546.7915,3.8084756E-16,1.5590134E-17,1.7951971E-16
5552.3115,3.8969082E-16,1.5547915E-17,1.595015E-16
5557.832,3.7950787E-16,1.6399703E-17,3.1172035E-16
5563.352,4.0165045E-16,2.0419408E-17,1.0424162E-15
5568.8726,3.8727432E-16,2.2768959E-17,1.5853785E-15
5574.3926,3.7788819E-16,2.256711E-17,1.5518613E-15
5579.9126,4.5071915E-16,2.295625E-17,1.5373314E-15
5585.433,4.3900622E-16,2.3125374E-17,1.5911208E-15
5590.953,4.0805148E-16,2.1465875E-17,1.2531137E-15
5596.4736,4.4068112E-16,1.786294E-17,4.768494E-16
5601.9937,4.0770896E-16,1.5710552E-17,1.5235546E-16
5607.514,3.9965812E-16,1.5859145E-17,1.8650374E-16
5613.034,4.2686112E-16,1.6039427E-17,1.7721041E-16
5618.5547,4.190442E-16,1.5972662E-17,1.7638049E-16
5624.0747,4.2295531E-16,1.5862796E-17,1.5238316E-16
5629.595,4.179024E-16,1.5812411E-17,1.4919298E-16
5635.115,4.1201948E-16,1.577151E-17,1.5115327E-16
5640.6357,3.8877367E-16,1.5655177E-17,1.6147226E-16
5646.156,3.7888885E-16,1.5566062E-17,1.6311734E-16
5651.6763,3.6992001E-16,1.5537493E-17,1.6740649E-16
5657.1963,3.8074152E-16,1.5630936E-17,1.6609572E-16
5662.717,3.5808723E-16,1.5481112E-17,1.7516115E-16
5668.237,3.6099713E-16,1.5495482E-17,1.716392E-16
5673.7573,3.7981884E-16,1.5770021E-17,1.8804842E-16
5679.2773,3.5604702E-16,1.5673236E-17,2.0402509E-16
5684.7974,3.417965E-16,1.5632486E-17,2.1913869E-16
5690.318,3.0631263E-16,1.543964E-17,2.3469258E-16
5695.838,3.115376E-16,1.5434378E-17,2.2786669E-16
5701.3584,3.2687234E-16,1.5489387E-17,2.1199885E-16
5706.8784,3.3316924E-16,1.548779E-17,2.0178261E-16
5712.399,3.460823E-16,1.5487678E-17,1.8363738E-16
5717.919,3.6470078E-16,1.5519943E-17,1.6420049E-16
5723.4395,3.8965186E-16,1.5848317E-17,1.7966641E-16
5728.9595,3.7982347E-16,1.5729466E-17,1.7243791E-16
5734.48,3.944222E-16,1.5905388E-17,1.827455E-16
5740.0,4.3427136E-16,1.6221028E-17,1.7475386E-16
5745.5205,4.3059023E-16,1.6098516E-17,1.6141364E-16
5751.0405,3.8863063E-16,1.5948694E-17,1.9209799E-16
5756.561,4.2190237E-16,1.606706E-17,1.6547454E-16
5762.081,4.4373766E-16,1.6261858E-17,1.6492486E-16
5767.6016,4.46956E-16,1.635578E-17,1.7734672E-16
5773.1216,4.2067796E-16,1.6231257E-17,1.906719E-16
5778.642,4.2813262E-16,1.6335975E-17,1.9720666E-16
5784.162,4.603043E-16,1.648948E-17,1.7774686E-16
5789.682,4.3066196E-16,1.6483518E-17,2.212284E-16
5795.2026,4.5007853E-16,1.6381303E-17,1.7442436E-16
5800.7227,4.8177E-16,1.6603973E-17,1.6562303E-16
5806.243,4.649457E-16,1.6536649E-17,1.7703842E-16
5811.763,4.3348647E-16,1.6400952E-17,1.9803167E-16
5817.2837,4.641115E-16,1.6576767E-17,1.867352E-16
5822.8037,4.781352E-16,1.680404E-17,2.0267001E-16
5828.324,4.4627127E-16,1.6573301E-17,2.0675816E-16
5833.844,4.4472327E-16,1.6458973E-17,1.8971918E-16
5839.3647,4.876891E-16,1.6890613E-17,2.0209321E-16
5844.885,4.8108766E-16,1.675802E-17,1.8666624E-16
5850.4053,4.597434E-16,1.6810065E-17,2.2666003E-16
5855.9253,4.7672544E-16,1.6824293E-17,2.0571151E-16
5861.446,4.5320784E-16,1.6813865E-17,2.3570005E-16
5866.966,4.75591E-16,1.68424E-17,2.0832913E-16
5872.4863,4.732484E-16,1.7167209E-17,2.690085E-16
5878.0063,4.418925E-16,1.7213397E-17,3.2051181E-16
5883.527,4.0470077E-16,1.7101015E-17,3.5381959E-16
5889.047,4.0758707E-16,1.6974279E-17,3.2710382E-16
5894.567,4.2416623E-16,1.70114E-17,3.0991416E-16
5900.0874,4.2309222E-16,1.7162807E-17,3.3706834E-16
5905.6074,4.0698056E-16,1.682131E-17,2.988719E-16
5911.128,4.1399646E-16,1.6577674E-17,2.4852203E-16
5916.648,4.0811734E-16,1.6553601E-17,2.5197033E-16
5922.1685,4.6332416E-16,1.6954345E-17,2.4437554E-16
5927.6885,3.7914963E-16,1.6431584E-17,2.7055506E-16
5933.209,4.0603872E-16,1.6543736E-17,2.5302772E-16
5938.729,4.0709806E-16,1.6545953E-17,2.5149973E-16
5944.2495,4.414958E-16,1.6875588E-17,2.5623467E-16
5949.7695,4.0593983E-16,1.6467752E-17,2.3622756E-16
5955.29,3.8730735E-16,1.6383291E-17,2.5411187E-16
5960.81,3.9749242E-16,1.6357482E-17,2.306656E-16
5966.3306,4.1899578E-16,1.6507251E-17,2.220793E-16
5971.8506,3.9799E-16,1.6440891E-17,2.4076117E-16
5977.371,3.8527047E-16,1.6284802E-17,2.3341266E-16
5982.891,4.0679517E-16,1.6537231E-17,2.4071464E-16
5988.4116,3.840244E-16,1.6279967E-17,2.297742E-16
5993.9316,3.777457E-16,1.6165346E-17,2.1983783E-16
5999.4517,3.8649777E-16,1.6230687E-17,2.1931413E-16
6004.972,3.84273E-16,1.6189104E-17,2.1474462E-16
6010.492,3.9139947E-16,1.6256743E-17,2.1797059E-16
6016.0127,4.2190828E-16,1.6235276E-17,1.6582328E-16
6021.5327,3.8912683E-16,1.6159461E-17,2.0475416E-16
6027.053,3.870969E-16,1.6029068E-17,1.8377719E-16
6032.573,3.897333E-16,1.6104654E-17,1.8821199E-16
6038.0938,4.0445786E-16,1.6382034E-17,2.121254E-16
6043.614,4.009871E-16,1.6310599E-17,2.0691817E-16
6049.1343,3.9307257E-16,1.6154624E-17,1.9031472E-16
6054.6543,4.1007914E-16,1.6277356E-17,1.8813114E-16
6060.175,4.0237818E-16,1.6157238E-17,1.7891659E-16
6065.695,4.0605902E-16,1.6397276E-17,2.1113734E-16
6071.2153,4.1886986E-16,1.63178E-17,1.8146708E-16
6076.7354,4.2883462E-16,1.6402039E-17,1.7812171E-16
6082.256,4.039683E-16,1.6322057E-17,2.0006155E-16
6087.776,4.069651E-16,1.6242568E-17,1.8208588E-16
6093.2964,4.2378099E-16,1.635191E-17,1.7702404E-16
6098.8164,4.144452E-16,1.6248367E-17,1.7149854E-16
6104.3364,4.1754518E-16,1.6337244E-17,1.8374888E-16
6109.857,4.484321E-16,1.6488287E-17,1.6176007E-16
6115.377,4.2144863E-16,1.6253776E-17,1.6273254E-16
6120.8975,3.9482662E-16,1.611031E-17,1.7454072E-16
6126.4175,3.909346E-16,1.6166653E-17,1.8936662E-16
6131.938,4.1734295E-16,1.6342164E-17,1.7982408E-16
6137.458,4.2837828E-16,1.638972E-17,1.7207359E-16
6142.9785,4.0680335E-16,1.625388E-17,1.794305E-16
6148.4985,4.0932542E-16,1.6349255E-17,1.9031046E-16
6154.019,3.8797097E-16,1.6391557E-17,2.2830958E-16
6159.539,3.7954517E-16,1.6178607E-17,2.022985E-16
6165.0596,4.0824312E-16,1.6295011E-17,1.8340263E-16
6170.5796,4.2074983E-16,1.6468476E-17,1.8935823E-16
6176.1,4.1114098E-16,1.6285247E-17,1.7349646E-16
6181.62,4.050439E-16,1.6203421E-17,1.6848849E-16
6187.1406,4.050912E-16,1.6213529E-17,1.7056798E-16
6192.6606,4.283475E-16,1.6468395E-17,1.7672708E-16
6198.1807,4.2547434E-16,1.6354656E-17,1.6298208E-16
6203.701,3.9632664E-16,1.6213657E-17,1.8268681E-16
6209.221,3.979599E-16,1.6264852E-17,1.8692025E-16
6214.7417,4.1032674E-16,1.6408597E-17,1.906092E-16
6220.2617,4.19564E-16,1.6402887E-17,1.7823961E-16
6225.782,4.1094055E-16,1.6608794E-17,2.2433474E-16
6231.3022,3.7878016E-16,1.6565405E-17,2.6399042E-16
6236.8228,4.320609E-16,1.6774225E-17,2.21228E-16
6242.343,3.6743487E-16,1.6564596E-17,2.777016E-16
6247.8633,3.6940303E-16,1.6407931E-17,2.5568264E-16
6253.3833,4.0331487E-16,1.670771E-17,2.480223E-16
6258.904,4.077432E-16,1.660594E-17,2.2899943E-16
6264.424,3.889536E-16,1.6428843E-17,2.241245E-16
6269.9443,3.6803698E-16,1.6221793E-17,2.238387E-16
6275.4644,3.8904295E-16,1.6352449E-17,2.1582099E-16
6280.985,3.6316842E-16,1.6424134E-17,2.6726044E-16
6286.505,3.7959977E-16,1.723203E-17,3.77337E-16
6292.0254,3.5423638E-16,1.7447517E-17,4.510076E-16
6297.5454,3.5567332E-16,1.7592532E-17,4.709107E-16
6303.0654,3.435559E-16,1.7400338E-17,4.538343E-16
6308.586,3.657907E-16,1.7511172E-17,4.411711E-16
6314.106,3.6119753E-16,1.7235494E-17,3.9814604E-16
6319.6265,3.5897037E-16,1.6580849E-17,2.8691243E-16
6325.1465,3.462575E-16,1.5942856E-17,2.0397893E-16
6330.667,3.3127522E-16,1.5705275E-17,1.8500294E-16
6336.187,3.2559195E-16,1.5755663E-17,2.0179254E-16
6341.7075,3.2361246E-16,1.5742109E-17,1.9839862E-16
6347.2275,2.661426E-16,1.5492249E-17,2.446918E-16
6352.748,2.711875E-16,1.5587163E-17,2.49857E-16
6358.268,2.77906E-16,1.5570148E-17,2.3973984E-16
6363.7886,2.3042515E-16,1.5276878E-17,2.6108422E-16
6369.3086,2.1632232E-16,1.5057804E-17,2.4970812E-16
6374.829,2.2375654E-16,1.5111028E-17,2.472964E-16
6380.349,2.1627074E-16,1.4805875E-17,2.1294186E-16
6385.8696,1.9203347E-16,1.4234054E-17,1.6590357E-16
6391.3896,1.7918511E-16,1.405039E-17,1.5873735E-16
6396.91,1.8956461E-16,1.412507E-17,1.556474E-16
6402.43,1.8456338E-16,1.4170922E-17,1.6748087E-16
6407.95,1.5583572E-16,1.3905656E-17,1.7299524E-16
6413.4707,1.9695113E-16,1.4084467E-17,1.370058E-16
6418.9907,2.1584256E-16,1.4232597E-17,1.3098105E-16
6424.511,1.7366481E-16,1.407272E-17,1.68697E-16
6430.0312,1.8573426E-16,1.4391758E-17,1.6050973E-16
6435.552,2.084595E-16,1.467603E-17,1.6131416E-16
6441.072,2.2168184E-16,1.4414678E-17,1.5198456E-16
6446.5923,2.332831E-16,1.4702206E-17,1.7583009E-16
6452.1123,2.442318E-16,1.4762922E-17,1.6794938E-16
6457.633,2.406711E-16,1.4961204E-17,2.026645E-16
6463.153,2.6582123E-16,1.5177204E-17,1.9940995E-16
6468.6733,2.659424E-16,1.5104684E-17,1.905053E-16
6474.1934,2.6031752E-16,1.5241379E-17,2.1885758E-16
6479.714,2.7168836E-16,1.513648E-17,1.8601378E-16
6485.234,2.805942E-16,1.5345825E-17,2.0368658E-16
6490.7544,3.134222E-16,1.555552E-17,1.8845759E-16
6496.2744,3.208825E-16,1.5519619E-17,1.7418215E-16
6501.795,2.9283898E-16,1.5466984E-17,2.0333455E-16
6507.315,2.9457048E-16,1.5590295E-17,2.214947E-16
6512.835,3.4358195E-16,1.5802536E-17,1.8403802E-16
6518.3555,2.8787733E-16,1.5422495E-17,2.049536E-16
6523.8755,3.138846E-16,1.5579457E-17,1.9397432E-16
6529.396,3.338104E-16,1.5843659E-17,2.0286608E-16
6534.916,3.226079E-16,1.5738534E-17,2.0641146E-16
6540.4365,2.9708047E-16,1.5700694E-17,2.3069085E-16
6545.9565,3.1825196E-16,1.5818234E-17,2.2197532E-16
6551.477,3.3196984E-16,1.5894044E-17,2.1249612E-16
6556.997,3.0947717E-16,1.5835018E-17,2.3465957E-16
6562.5176,3.2897455E-16,1.6057738E-17,2.4274964E-16
6568.0376,2.9840817E-16,1.5770569E-17,2.392438E-16
6573.558,3.170585E-16,1.5778402E-17,2.105093E-16
6579.078,2.9747297E-16,1.5634312E-17,2.1783835E-16
6584.5986,2.9002382E-16,1.5324381E-17,1.806818E-16
6590.1187,3.14295E-16,1.5581518E-17,1.831555E-16
6595.639,2.9078728E-16,1.541774E-17,1.908917E-16
6601.159,2.943193E-16,1.5383568E-17,1.8025106E-16
6606.6797,3.2911873E-16,1.5453406E-17,1.4037622E-16
6612.1997,2.7226289E-16,1.51277E-17,1.6953893E-16
6617.7197,3.1306608E-16,1.5403774E-17,1.5245021E-16
6623.24,3.1476875E-16,1.5417689E-17,1.5039709E-16
6628.7603,2.898319E-16,1.5081375E-17,1.3444681E-16
6634.281,3.428228E-16,1.5498137E-17,1.2135281E-16
6639.801,2.868122E-16,1.5123768E-17,1.4518318E-16
6645.3213,2.7319917E-16,1.4954357E-17,1.3590957E-16
6650.8413,2.893873E-16,1.520644E-17,1.5103226E-16
6656.362,3.0474784E-16,1.5244772E-17,1.3234622E-16
6661.882,2.974411E-16,1.5183898E-17,1.3177211E-16
6667.4023,2.5674053E-16,1.5011202E-17,1.6422213E-16
6672.9224,2.754022E-16,1.511137E-17,1.510022E-16
6678.443,3.0014933E-16,1.524301E-17,1.3534313E-16
6683.963,2.6751407E-16,1.4974906E-17,1.3940045E-16
6689.4834,2.8145777E-16,1.4939568E-17,1.1445473E-16
6695.0034,2.7988555E-16,1.5039601E-17,1.287627E-16
6700.524,2.7415995E-16,1.5075898E-17,1.4270257E-16
6706.044,2.9042298E-16,1.5182713E-17,1.3368397E-16
6711.5645,2.726199E-16,1.5021683E-17,1.3431501E-16
6717.0845,2.6669536E-16,1.4996813E-17,1.3701007E-16
6722.6045,2.7626223E-16,1.5069944E-17,1.3441647E-16
6728.125,2.6975043E-16,1.502113E-17,1.3386883E-16
6733.645,2.5273843E-16,1.5009553E-17,1.55864E-16
6739.1655,2.712551E-16,1.503082E-17,1.2926922E-16
6744.6855,2.4930403E-16,1.4912485E-17,1.414249E-16
6750.206,2.480408E-16,1.501899E-17,1.5906616E-16
6755.726,2.6983047E-16,1.5075762E-17,1.3517971E-16
6761.2466,2.7368534E-16,1.5065121E-17,1.2577032E-16
6766.7666,2.76261E-16,1.5146388E-17,1.3126417E-16
6772.287,2.8196194E-16,1.5155198E-17,1.2330104E-16
6777.807,2.8728456E-16,1.5210255E-17,1.2116843E-16
6783.3276,2.6224905E-16,1.5049962E-17,1.331561E-16
6788.8477,2.5328972E-16,1.5045108E-17,1.4539044E-16
6794.368,2.676057E-16,1.5023496E-17,1.2021111E-16
6799.888,2.3686202E-16,1.4721909E-17,1.1706353E-16
6805.4087,2.3013766E-16,1.5025903E-17,1.6823334E-16
6810.9287,2.4195014E-16,1.4949366E-17,1.4106612E-16
6816.449,2.8848685E-16,1.5730641E-17,1.8697344E-16
6821.969,2.6237086E-16,1.5951311E-17,2.5740609E-16
6827.4893,2.6138434E-16,1.5965324E-17,2.6195696E-16
6833.01,2.1835408E-16,1.5949268E-17,3.1713914E-16
6838.53,2.9535793E-16,1.632227E-17,2.6685492E-16
6844.0503,2.264239E-16,1.5811443E-17,2.822004E-16
6849.5703,2.736126E-16,1.6106798E-17,2.619233E-16
6855.091,2.560707E-16,1.584572E-17,2.4718748E-16
6860.611,2.1938073E-16,1.5579237E-17,2.6943557E-16
6866.1313,2.710064E-16,1.5735328E-17,2.4003164E-16
6871.6514,2.6190674E-16,1.5528799E-17,2.2975078E-16
6877.172,2.27803E-16,1.5503137E-17,2.6796496E-16
6882.692,2.2899636E-16,1.4951971E-17,1.7988435E-16
6888.2124,2.6157354E-16,1.5258172E-17,1.7444335E-16
6893.7324,2.3667482E-16,1.5158915E-17,1.8996346E-16
6899.253,2.3166113E-16,1.506769E-17,1.7931342E-16
6904.773,1.8191044E-16,1.4865066E-17,2.1085198E-16
6910.2935,2.021299E-16,1.5267256E-17,2.3415792E-16
6915.8135,2.0383174E-16,1.5330137E-17,2.372221E-16
6921.334,1.9982405E-16,1.522736E-17,2.225461E-16
6926.854,2.5903083E-16,1.5718354E-17,2.0741064E-16
6932.374,2.3687957E-16,1.5780728E-17,2.4340453E-16
6937.8945,2.1046569E-16,1.56425E-17,2.5980388E-16
6943.4146,2.2707918E-16,1.5592705E-17,2.2659267E-16
6948.935,2.3667175E-16,1.571148E-17,2.2866483E-16
6954.455,2.3427843E-16,1.5776081E-17,2.4026333E-16
6959.9756,1.9399331E-16,1.5355311E-17,2.3146835E-16
6965.4956,1.9769974E-16,1.5411809E-17,2.3382882E-16
6971.016,1.9349073E-16,1.5216919E-17,2.1140419E-16
6976.536,2.3538627E-16,1.5448802E-17,1.7857719E-16
6982.0566,2.1274936E-16,1.5424784E-17,2.0886019E-16
6987.5767,2.403829E-16,1.5508475E-17,1.8000764E-16
6993.097,2.049144E-16,1.5197584E-17,1.8492296E-16
6998.617,2.3859033E-16,1.5267312E-17,1.4506092E-16
7004.1377,2.01742E-16,1.4918242E-17,1.4796155E-16
7009.6577,2.4609915E-16,1.515523E-17,1.165858E-16
7015.178,2.2658997E-16,1.4939004E-17,1.1834465E-16
7020.698,2.0118118E-16,1.4887097E-17,1.4326223E-16
7026.2188,1.8926173E-16,1.4797563E-17,1.442275E-16
7031.739,1.8541808E-16,1.4784234E-17,1.481848E-16
7037.259,1.7682399E-16,1.4746677E-17,1.5267819E-16
7042.7793,2.064481E-16,1.5112146E-17,1.5647645E-16
7048.2993,2.1798122E-16,1.5167784E-17,1.4755449E-16
7053.82,1.7108091E-16,1.482528E-17,1.6854974E-16
7059.34,1.8656108E-16,1.496447E-17,1.6217098E-16
7064.8604,2.1214259E-16,1.5200514E-17,1.6046425E-16
7070.3804,1.9324289E-16,1.5080723E-17,1.66812E-16
7075.901,1.986841E-16,1.503429E-17,1.50372E-16
7081.421,2.0624417E-16,1.5110206E-17,1.4907538E-16
7086.9414,2.1419446E-16,1.5100975E-17,1.3660295E-16
7092.4614,2.0315375E-16,1.5006424E-17,1.3774868E-16
7097.982,1.8627554E-16,1.4829537E-17,1.3632098E-16
7103.502,1.8027962E-16,1.482616E-17,1.4291783E-16
7109.0225,1.7858574E-16,1.4792944E-17,1.4110015E-16
7114.5425,1.6090247E-16,1.4670892E-17,1.489141E-16
7120.063,1.5237284E-16,1.470637E-17,1.6798679E-16
7125.583,1.873634E-16,1.4867526E-17,1.3419383E-16
7131.103,2.0917506E-16,1.5164239E-17,1.4444363E-16
7136.6235,1.8080531E-16,1.4944723E-17,1.5455147E-16
7142.1436,1.8240329E-16,1.4783468E-17,1.2896688E-16
7147.664,1.9767504E-16,1.5096711E-17,1.4838858E-16
7153.184,2.0915807E-16,1.5112787E-17,1.3292696E-16
7158.7046,2.2891116E-16,1.5244363E-17,1.2539521E-16
7164.2246,1.7409453E-16,1.4956818E-17,1.6511945E-16
7169.745,1.732224E-16,1.4891759E-17,1.5653602E-16
7175.265,1.8070581E-16,1.4768539E-17,1.3624905E-16
7180.7856,1.6809758E-16,1.4726525E-17,1.4346659E-16
7186.3057,1.96372E-16,1.4875321E-17,1.2797469E-16
7191.826,1.8031477E-16,1.4697416E-17,1.2448706E-16
7197.346,1.653431E-16,1.4580822E-17,1.2699431E-16
7202.8667,1.6752046E-16,1.4591069E-17,1.2246303E-16
7208.3867,1.4842746E-16,1.4568525E-17,1.4335412E-16
7213.907,1.7019069E-16,1.4772683E-17,1.340135E-16
7219.4272,1.7791903E-16,1.4792092E-17,1.2318805E-16
7224.9478,1.7129261E-16,1.5175227E-17,1.8138447E-16
7230.468,1.7337542E-16,1.622383E-17,3.2843848E-16
7235.988,1.641625E-16,1.6788347E-17,4.2895297E-16
7241.5083,1.3972711E-16,1.6767738E-17,4.5478724E-16
7247.0283,1.4673133E-16,1.6907123E-17,4.644117E-16
7252.549,1.73804E-16,1.7038572E-17,4.4342342E-16
7258.069,1.5071101E-16,1.6853223E-17,4.4290842E-16
7263.5894,1.5995133E-16,1.678386E-17,4.1743187E-16
7269.1094,1.4234321E-16,1.6719486E-17,4.3803838E-16
7274.63,1.4641522E-16,1.6874663E-17,4.44173E-16
7280.15,1.854783E-16,1.7262316E-17,4.46548E-16
7285.6704,1.7226739E-16,1.7279906E-17,4.653605E-16
7291.1904,1.5403855E-16,1.7191409E-17,4.7385363E-16
7296.711,1.9348547E-16,1.6864742E-17,3.623919E-16
7302.231,1.4055867E-16,1.6214662E-17,3.399581E-16
7307.7515,1.5386924E-16,1.6519063E-17,3.5902116E-16
7313.2715,1.4524312E-16,1.6524536E-17,3.7135806E-16
7318.792,1.705072E-16,1.6880889E-17,3.821104E-16
7324.312,1.9549182E-16,1.6992134E-17,3.5711777E-16
7329.8325,1.4000494E-16,1.7393287E-17,4.9194583E-16
7335.3525,1.3196494E-16,1.7351589E-17,4.938372E-16
7340.8726,1.5499001E-16,1.7168445E-17,4.2674523E-16
7346.393,1.6022594E-16,1.7209092E-17,4.2408962E-16
7351.913,1.6525864E-16,1.716069E-17,4.0076194E-16
7357.4336,1.5530824E-16,1.7416622E-17,4.485321E-16
7362.9536,1.4327545E-16,1.7081296E-17,4.1201946E-16
7368.474,1.3767445E-16,1.6600549E-17,3.4343332E-16
7373.994,1.4959935E-16,1.677413E-17,3.4754114E-16
7379.5146,1.7134483E-16,1.6992993E-17,3.4611249E-16
7385.0347,1.5512283E-16,1.6790522E-17,3.3178633E-16
7390.555,1.4439972E-16,1.6484957E-17,2.9940262E-16
7396.075,1.421403E-16,1.6340195E-17,2.781329E-16
7401.5957,9.523275E-17,1.6030148E-17,2.9710496E-16
7407.1157,1.4482052E-16,1.6416261E-17,2.7662113E-16
7412.636,1.5556002E-16,1.6433721E-17,2.5663587E-16
7418.1562,1.1477697E-16,1.5862105E-17,2.307751E-16
7423.677,1.4715218E-16,1.5931029E-17,1.8967427E-16
7429.197,1.1647068E-16,1.587767E-17,2.1920597E-16
7434.7173,1.1713466E-16,1.5875778E-17,2.1374737E-16
7440.2373,1.2959776E-16,1.6121394E-17,2.2171496E-16
7445.7573,1.6896458E-16,1.6306327E-17,1.8609759E-16
7451.278,1.8598735E-16,1.6347683E-17,1.6435449E-16
7456.798,1.7812474E-16,1.6394563E-17,1.7298296E-16
7462.3184,1.2867814E-16,1.6237967E-17,2.2025932E-16
7467.8384,1.6076426E-16,1.6615684E-17,2.1457891E-16
7473.359,1.3023458E-16,1.6834513E-17,2.8313818E-16
7478.879,1.4368827E-16,1.6968566E-17,2.7596408E-16
7484.3994,1.7872439E-16,1.7199333E-17,2.5241815E-16
7489.9194,1.4730763E-16,1.6878624E-17,2.4753686E-16
7495.44,1.6574364E-16,1.6930418E-17,2.2473264E-16
7500.96,1.595738E-16,1.6674676E-17,1.9489314E-16
7506.4805,1.3838872E-16,1.6176246E-17,1.541042E-16
7512.0005,1.7117052E-16,1.6921133E-17,1.965852E-16
7517.521,1.7863875E-16,1.7492167E-17,2.5879805E-16
7523.041,1.738049E-16,1.7439811E-17,2.542055E-16
7528.5615,1.5883935E-16,1.757646E-17,2.8974623E-16
7534.0815,1.6638948E-16,1.7851828E-17,3.1020242E-16
7539.602,1.789221E-16,1.7744511E-17,2.7104956E-16
7545.122,1.3288868E-16,1.6958405E-17,2.269034E-16
7550.642,1.948725E-16,1.701745E-17,1.4298285E-16
7556.1626,1.4233738E-16,1.681162E-17,1.8535053E-16
7561.6826,1.3630347E-16,1.71943E-17,2.383441E-16
7567.203,1.5478639E-16,1.7510353E-17,2.486222E-16
7572.723,1.04500705E-16,1.724351E-17,2.8694766E-16
7578.2437,1.4277728E-16,1.7637395E-17,2.7675944E-16
7583.7637,1.3960924E-16,1.7557645E-17,2.7415693E-16
7589.284,1.564519E-16,1.734366E-17,2.3607867E-16
7594.804,1.4672378E-16,1.6502993E-17,1.6891412E-16
7600.3247,1.6452523E-16,1.6212227E-17,1.4371735E-16
7605.8447,2.0131584E-16,1.6171123E-17,1.2865828E-16
7611.365,1.0840453E-16,1.5858957E-17,1.4886318E-16
7616.8853,1.0724413E-16,1.5880028E-17,1.379207E-16
7622.406,8.45719E-17,1.571216E-17,1.3006032E-16
7627.926,1.0602795E-16,1.6045142E-17,1.4602758E-16
7633.4463,1.3721003E-16,1.6333798E-17,1.5150594E-16
7638.9663,7.2744255E-17,1.5841136E-17,1.4809365E-16
7644.487,1.0857035E-16,1.6152175E-17,1.3833098E-16
7650.007,1.1690874E-16,1.6238862E-17,1.2724466E-16
7655.527,1.0604644E-16,1.6292067E-17,1.3408948E-16
7661.0474,1.2804684E-16,1.671108E-17,1.5013568E-16
7666.5674,1.0536024E-16,1.6715586E-17,1.6658647E-16
7672.088,1.302754E-16,1.6810653E-17,1.4034335E-16
7677.608,1.2286036E-16,1.6761066E-17,1.3759314E-16
7683.1284,1.2066237E-16,1.6951189E-17,1.5926995E-16
7688.6484,1.2426744E-16,1.696072E-17,1.5253066E-16
7694.169,8.8662625E-17,1.675243E-17,1.7346736E-16
7699.689,8.1050935E-17,1.7016854E-17,2.1565598E-16
7705.2095,1.0926889E-16,1.8996304E-17,4.3697832E-16
7710.7295,1.7672045E-16,2.0384139E-17,5.419894E-16
7716.25,1.2960644E-16,2.0416055E-17,6.1724694E-16
7721.77,1.0762334E-16,2.0119299E-17,5.9488273E-16
7727.2905,8.987201E-17,2.0049402E-17,6.1374086E-16
7732.8105,9.604693E-17,1.9698054E-17,5.430913E-16
7738.331,1.00137466E-16,1.939403E-17,4.913453E-16
7743.851,6.175289E-17,1.9144348E-17,5.149496E-16
7749.3716,1.1037927E-16,1.9677707E-17,5.17348E-16
7754.8916,1.07763906E-16,2.0013584E-17,5.6614475E-16
7760.4116,6.9016734E-17,1.9858084E-17,5.971029E-16
7765.932,7.410529E-17,1.9895479E-17,5.907677E-16
7771.452,1.1656496E-16,1.940791E-17,4.564359E-16
7776.9727,1.2243992E-16,1.8630556E-17,3.3716517E-16
7782.4927,9.9687566E-17,1.9024059E-17,4.1988956E-16
7788.013,8.913987E-17,1.938077E-17,4.848596E-16
7793.533,1.0241701E-16,1.9401761E-17,4.6430307E-16
7799.0537,1.4059704E-16,1.9624877E-17,4.4037677E-16
7804.5737,1.1904635E-16,1.974401E-17,4.84079E-16
7810.094,1.2130997E-16,2.0202398E-17,5.4510647E-16
7815.6143,1.1648809E-16,2.0285364E-17,5.6216216E-16
7821.135,1.0375867E-16,1.9684728E-17,4.887161E-16
7826.655,5.782694E-17,1.9297617E-17,5.017675E-16
7832.1753,1.141815E-16,2.0060695E-17,5.270704E-16
7837.6953,1.6655213E-16,2.277887E-17,5.125474E-16
7843.216,9.057542E-17,2.0148866E-17,5.594014E-16
7848.736,1.4777116E-16,2.0758387E-17,5.664284E-16
7854.2563,1.0654289E-16,2.0715501E-17,6.1599105E-16
7859.7764,1.2695718E-16,2.1389539E-17,6.8083227E-16
7865.2964,9.498309E-17,2.140432E-17,7.285302E-16
7870.817,1.086541E-16,2.1891497E-17,7.773138E-16
7876.337,1.3460803E-16,2.0923557E-17,5.8465936E-16
7881.8574,1.3007274E-16,2.0732061E-17,5.620899E-16
7887.3774,9.0202656E-17,2.0393294E-17,5.592448E-16
7892.898,8.1342394E-17,1.9617698E-17,4.547723E-16
7898.418,8.288101E-17,1.9519801E-17,4.344738E-16
7903.9385,6.301045E-17,2.0130709E-17,5.431399E-16
7909.4585,8.19634E-17,2.1115608E-17,6.5320915E-16
7914.979,9.852229E-17,2.1194096E-17,6.317213E-16
7920.499,8.4179994E-17,2.1314016E-17,6.636231E-16
7926.0195,9.086459E-17,2.1745569E-17,7.10689E-16
7931.5396,1.1155109E-16,2.1599621E-17,6.547614E-16
7937.06,8.93888E-17,2.0703318E-17,5.4623434E-16
7942.58,6.732774E-17,1.9540236E-17,4.0910071E-16
7948.1006,9.613672E-17,1.9334169E-17,3.310729E-16
7953.6206,8.571197E-17,1.9681297E-17,3.846375E-16
7959.1406,1.1623328E-16,2.0468478E-17,4.4271622E-16
7964.661,6.843683E-17,2.0297326E-17,4.8032E-16
7970.181,1.0074157E-16,2.0716143E-17,4.8260205E-16
7975.7017,1.347543E-16,2.1070264E-17,4.786508E-16
7981.2217,1.1022092E-16,2.160439E-17,5.7780945E-16
7986.742,1.1641496E-16,2.1832569E-17,5.8968554E-16
7992.262,9.514764E-17,2.1152352E-17,5.1368805E-16
7997.7827,1.3013952E-16,2.1414665E-17,4.901874E-16
8003.3027,3.4625555E-17,2.0559405E-17,5.0183483E-16
8008.823,9.0404554E-17,2.109952E-17,4.827819E-16
8014.3433,1.0162157E-16,2.109047E-17,4.541851E-16
8019.864,1.1540858E-16,2.1044431E-17,4.1977193E-16
8025.384,1.099511E-16,2.0790142E-17,3.8006916E-16
8030.9043,1.1076034E-16,2.1095021E-17,4.1120683E-16
8036.4243,1.2920466E-16,2.1021636E-17,3.6485963E-16
8041.945,1.0286216E-16,2.1008437E-17,3.8726426E-16
8047.465,1.2610497E-16,2.0519727E-17,2.824048E-16
8052.9854,1.01937755E-16,1.9962977E-17,2.3961442E-16
8058.5054,4.349844E-17,1.9808292E-17,2.882577E-16
8064.0254,4.1116498E-17,1.982866E-17,2.8357475E-16
8069.546,1.2602649E-16,2.0609989E-17,2.5014524E-16
8075.066,1.4092631E-16,2.0712608E-17,2.3167304E-16
8080.5864,1.029957E-16,2.0125165E-17,2.0202417E-16
8086.1064,7.188847E-17,1.9976466E-17,2.1865616E-16
8091.627,9.639041E-17,2.0009001E-17,1.778735E-16
8097.147,1.0150049E-16,2.0252091E-17,1.9245752E-16
8102.6675,8.880264E-17,2.004683E-17,1.762449E-16
8108.1875,1.0698033E-16,2.0465664E-17,1.9117744E-16
8113.708,1.5427333E-16,2.0775564E-17,1.5519336E-16
8119.228,1.5138428E-16,2.0818106E-17,1.5829084E-16
8124.7485,1.1678353E-16,2.0502171E-17,1.6451357E-16
8130.2686,1.1711136E-16,2.0579109E-17,1.5679432E-16
8135.789,1.1252118E-16,2.0512335E-17,1.4741939E-16
8141.309,1.2213474E-16,2.0559397E-17,1.2982786E-16
8146.8296,1.06747896E-16,2.0512638E-17,1.411854E-16
8152.3496,1.3355559E-16,2.0805354E-17,1.3607805E-16
8157.87,9.2892204E-17,2.0611845E-17,1.5279565E-16
8163.39,1.4517475E-16,2.1062925E-17,1.3177257E-16
8168.91,1.2434845E-16,2.105631E-17,1.5037574E-16
8174.4307,1.0556725E-16,2.1026484E-17,1.6728212E-16
8179.9507,1.7706357E-16,2.1451573E-17,1.09569787E-16
8185.471,1.7025886E-16,2.153613E-17,1.1976765E-16
8190.991,1.0138872E-16,2.1484337E-17,1.9730259E-16
8196.512,1.0717658E-16,2.1867901E-17,2.229784E-16
8202.032,1.6595003E-16,2.2183876E-17,1.7611154E-16
8207.552,1.3281347E-16,2.213225E-17,2.057328E-16
8213.072,1.4286972E-16,2.2090222E-17,1.788299E-16
8218.593,1.7044687E-16,2.213625E-17,1.4635338E-16
8224.113,1.2318395E-16,2.1850785E-17,1.698231E-16
8229.633,1.06486415E-16,2.150278E-17,1.4243179E-16
8235.153,1.3068286E-16,2.1721538E-17,1.3266107E-16
8240.674,1.2050996E-16,2.1758789E-17,1.3704854E-16
8246.194,1.4275254E-16,2.1963751E-17,1.2520104E-16
8251.714,7.552175E-17,2.1625317E-17,1.7015285E-16
8257.234,1.8026427E-16,2.2068213E-17,7.3638656E-17
8262.755,1.1832976E-16,2.2004138E-17,1.4229238E-16
8268.275,5.5079803E-17,2.2172765E-17,2.4598236E-16
8273.795,1.5654997E-16,2.3131773E-17,2.1963675E-16
8279.315,1.1193936E-16,2.4641059E-17,4.658418E-16
8284.836,1.2364898E-16,2.6046116E-17,6.306847E-16
8290.355,1.4078888E-16,2.734829E-17,7.846862E-16
8295.876,1.722488E-16,2.782325E-17,8.098505E-16
8301.396,1.5471213E-16,2.8025025E-17,8.5716717E-16
8306.917,1.6324498E-16,2.7554025E-17,7.666534E-16
8312.437,1.5261889E-16,2.64545E-17,6.20675E-16
8317.957,1.2945775E-16,2.5284498E-17,4.9020094E-16
8323.478,1.4992078E-16,2.4378995E-17,3.3734808E-16
8328.998,1.6560957E-16,2.3886867E-17,2.5621963E-16
8334.518,2.0939468E-16,2.582206E-17,4.457871E-16
8340.038,1.5494648E-16,2.7553178E-17,7.528162E-16
8345.559,8.1058095E-17,2.789975E-17,9.084357E-16
8351.079,1.2219157E-16,2.8494883E-17,9.31831E-16
8356.599,1.0799517E-16,2.8946514E-17,1.0196157E-15
8362.119,1.6060261E-16,2.891335E-17,9.364505E-16
8367.64,9.751365E-17,2.6831398E-17,7.1522054E-16
8373.16,7.047717E-17,2.4961813E-17,4.9783086E-16
8378.68,1.5543125E-16,2.496502E-17,3.7653614E-16
8384.2,9.0433387E-17,2.4539734E-17,4.12331E-16
8389.721,9.130664E-17,2.5440011E-17,5.304697E-16
8395.24,8.347535E-17,2.6512173E-17,6.875699E-16
8400.761,8.031758E-17,2.6718448E-17,7.208506E-16
8406.281,9.315459E-17,2.698229E-17,7.3829557E-16
8411.802,1.5110418E-16,2.7620131E-17,7.4254524E-16
8417.321,1.5544939E-16,2.8208136E-17,8.2512317E-16
8422.842,7.3961375E-17,2.759021E-17,8.580832E-16
8428.362,8.6846844E-17,2.7062426E-17,7.658481E-16
8433.883,1.2758027E-16,2.7453053E-17,7.479551E-16
8439.402,4.8240015E-17,2.6480846E-17,7.368008E-16
8444.923,9.391606E-17,2.7143242E-17,7.5321595E-16
8450.443,7.469374E-17,2.6441842E-17,6.8079225E-16
8455.964,1.2194025E-16,2.6117262E-17,5.586976E-16
8461.483,1.1514305E-16,2.5990185E-17,5.5425437E-16
8467.004,5.972052E-17,2.597966E-17,6.396553E-16
8472.524,5.2279568E-17,2.5803464E-17,6.2155876E-16
8478.044,8.3491634E-17,2.5217716E-17,4.9598215E-16
8483.564,8.548254E-17,2.5338355E-17,4.9661483E-16
8489.085,6.657115E-17,2.4611924E-17,4.267062E-16
8494.605,9.1761806E-17,2.4164856E-17,3.2761834E-16
8500.125,1.2718205E-16,2.4776218E-17,3.5157905E-16
8505.6455,9.3090496E-17,2.4856705E-17,4.0844855E-16
8511.166,9.226077E-17,2.4948057E-17,4.2658607E-16
8516.687,9.830875E-17,2.4664953E-17,3.7344534E-16
8522.206,9.644906E-17,2.4229214E-17,3.1719065E-16
8527.727,1.11019033E-16,2.375408E-17,2.1775695E-16
8533.247,1.388938E-16,2.3635937E-17,1.532897E-16
8538.768,6.132551E-17,2.3140968E-17,2.2352435E-16
8544.287,1.0615476E-16,2.382523E-17,2.2829677E-16
8549.808,8.648494E-17,2.3661508E-17,2.3495524E-16
8555.328,1.2640124E-16,2.3968948E-17,2.0253812E-16
8560.849,1.01857035E-16,2.3897772E-17,2.28691E-16
8566.368,1.2368257E-16,2.387525E-17,1.8072274E-16
8571.889,7.611778E-17,2.3606823E-17,2.1901233E-16
8577.409,5.2249962E-17,2.2995851E-17,1.7725545E-16
8582.929,9.4904304E-17,2.3133537E-17,1.1722211E-16
8588.449,4.174822E-17,2.3356103E-17,2.2843613E-16
8593.97,1.1499378E-16,2.374956E-17,1.4397135E-16
8599.49,7.699422E-17,2.3689389E-17,1.926856E-16
8605.01,6.844795E-17,2.3909227E-17,2.2810224E-16
8610.53,6.76855E-17,2.4370624E-17,2.7547716E-16
8616.051,7.25785E-17,2.5709038E-17,4.3046524E-16
8621.571,4.377686E-17,2.6350022E-17,5.6205247E-16
8627.091,9.252447E-17,2.777936E-17,6.7533503E-16
8632.611,1.7025068E-16,2.9468412E-17,7.7363977E-16
8638.132,1.0093904E-16,2.925792E-17,8.4970417E-16
8643.652,7.454309E-17,2.8931224E-17,8.2159374E-16
8649.172,9.2279495E-17,2.907447E-17,7.9555087E-16
8654.692,8.029866E-17,2.9002445E-17,7.8716106E-16
8660.213,6.513254E-17,2.9257607E-17,8.337344E-16
8665.733,8.5708465E-17,3.0097304E-17,9.012642E-16
8671.253,1.0665557E-16,3.0173706E-17,8.696622E-16
8676.773,1.0339652E-16,2.9940785E-17,8.108358E-16
8682.294,9.4959474E-17,2.9017268E-17,6.7094057E-16
8687.813,4.009296E-17,2.8003128E-17,5.993656E-16
8693.334,5.5380993E-17,2.7247098E-17,4.510922E-16
8698.8545,6.7538926E-17,2.6609873E-17,3.2585649E-16
8704.375,1.2183012E-17,2.6147393E-17,3.5272583E-16
8709.895,1.4732224E-16,2.662892E-17,1.6876255E-16
8715.415,5.7115174E-17,2.5635292E-17,1.7756443E-16
8720.936,5.880594E-17,2.6001073E-17,2.0476073E-16
8726.456,1.1446594E-16,2.621602E-17,1.1450914E-16
8731.976,4.905666E-17,2.558137E-17,1.3174214E-16
8737.496,1.0669515E-16,2.6228011E-17,9.36434E-17
8743.017,1.3965824E-16,2.707374E-17,1.3559164E-16
8748.537,1.165943E-16,2.787987E-17,2.5176426E-16
8754.057,1.4040036E-16,2.9626857E-17,4.177073E-16
8759.577,1.661061E-16,3.1693567E-17,6.4144863E-16
8765.098,6.4540794E-17,3.3121986E-17,9.82306E-16
8770.618,1.0226677E-16,3.5271375E-17,1.2193783E-15
8776.138,7.09739E-17,3.643299E-17,1.4167795E-15
8781.658,1.5931769E-16,3.7162882E-17,1.3657893E-15
8787.179,1.3885072E-16,3.5885196E-17,1.1716003E-15
8792.698,5.3570582E-17,3.373619E-17,9.601724E-16
8798.219,8.523489E-17,3.2270036E-17,6.8258314E-16
8803.739,9.877518E-17,3.0263604E-17,3.815201E-16
8809.26,1.7117625E-16,3.024846E-17,2.659431E-16
8814.779,2.0640648E-16,3.2879337E-17,5.302492E-16
8820.3,9.326608E-17,3.5935598E-17,1.091491E-15
8825.82,7.3958675E-17,3.801589E-17,1.4057843E-15
8831.341,1.1955948E-16,3.8921405E-17,1.4569835E-15
8836.86,1.6355795E-16,3.974896E-17,1.4889881E-15
8842.381,1.2696236E-16,3.9898068E-17,1.5352917E-15
8847.901,1.5083313E-16,3.7918492E-17,1.1826094E-15
8853.422,1.0613998E-16,3.504913E-17,8.1585504E-16
8858.941,1.3355206E-16,3.4053524E-17,6.277395E-16
8864.462,9.2406464E-17,3.3081404E-17,5.3658235E-16
8869.982,1.1113105E-16,3.312377E-17,5.0361715E-16
8875.503,5.043839E-17,3.459334E-17,7.50735E-16
8881.022,5.5208344E-17,3.6485E-17,9.711327E-16
8886.543,1.6696807E-16,3.8056274E-17,1.0163835E-15
8892.063,1.7094031E-16,3.8363816E-17,1.036428E-15
8897.583,1.5581675E-16,3.866405E-17,1.0783824E-15
8903.104,9.9942324E-17,3.878222E-17,1.1480444E-15
8908.624,1.5933461E-16,3.871636E-17,1.0356074E-15
8914.145,1.1157903E-16,3.9203977E-17,1.1537109E-15
8919.664,6.466953E-17,3.9616628E-17,1.2530865E-15
8925.185,2.2060722E-16,3.942425E-17,9.993847E-16
8930.705,1.453073E-16,3.895533E-17,1.012825E-15
8936.226,1.4552125E-16,3.9107753E-17,1.0162985E-15
8941.745,1.4871045E-16,3.75291E-17,7.8698345E-16
8947.266,1.4380006E-17,3.6098576E-17,7.6320136E-16
8952.786,5.674849E-17,3.729374E-17,8.4234367E-16
8958.307,2.0192036E-16,3.8802242E-17,8.4334597E-16
8963.826,1.4836092E-16,3.83816E-17,8.502378E-16
8969.347,8.774343E-17,3.7459413E-17,7.995702E-16
8974.867,1.1980026E-16,3.7167792E-17,7.065752E-16
8980.388,4.8702264E-17,3.5428774E-17,5.697198E-16
8985.907,4.4593155E-17,3.4628467E-17,4.691447E-16
8991.428,5.9454864E-17,3.6034264E-17,6.1959973E-16
8996.948,1.6483792E-16,3.6756277E-17,5.657981E-16
9002.468,1.3273861E-16,3.6529646E-17,5.72771E-16
9007.988,9.425471E-17,3.573144E-17,5.092815E-16
9013.509,1.10716014E-16,3.556661E-17,4.6750565E-16
9019.029,1.214537E-16,3.5220034E-17,4.0170614E-16
9024.549,4.6469875E-17,3.3318038E-17,2.7170421E-16
9030.069,8.486351E-17,3.3856516E-17,2.7240408E-16
9035.59,8.050289E-17,3.3845994E-17,2.8395194E-16
9041.11,1.6030342E-16,3.5248565E-17,3.1122018E-16
9046.63,6.343447E-17,3.4519994E-17,3.5519625E-16
9052.15,1.6060058E-16,3.5105807E-17,2.7847863E-16
9057.671,1.6258194E-16,3.5052467E-17,2.5706772E-16
9063.191,5.3707613E-17,3.452E-17,3.567396E-16
9068.711,7.6468546E-17,3.4429917E-17,2.9020233E-16
9074.231,1.1343046E-16,3.4384353E-17,2.2515557E-16
9079.752,1.02523075E-16,3.343083E-17,1.1697575E-16
9085.272,1.0713228E-16,3.3902854E-17,1.5282519E-16
9090.792,1.5796655E-16,3.4881885E-17,1.7810117E-16
9096.3125,3.3891105E-17,3.450582E-17,2.9950553E-16
9101.833,-5.266874E-18,3.4374523E-17,3.038919E-16
9107.353,8.756316E-17,3.502208E-17,2.429683E-16
9112.873,1.1602798E-16,3.5564875E-17,2.427417E-16
9118.394,1.1146997E-16,3.520927E-17,1.8628011E-16
9123.914,8.336781E-17,3.4931394E-17,1.8401416E-16
9129.434,7.764068E-17,3.4484928E-17,1.1415632E-16
9134.954,1.1370394E-16,3.539859E-17,1.4063915E-16
9140.475,1.05961195E-16,3.5994675E-17,2.0303705E-16
9145.995,7.896683E-17,3.5639434E-17,1.7170463E-16
9151.515,6.19131E-17,3.5917062E-17,2.0112918E-16
9157.035,1.321862E-16,3.6858685E-17,1.9572723E-16
9162.556,1.1450955E-16,3.7149654E-17,2.2880782E-16
9168.076,1.3313592E-16,3.7546747E-17,2.2764037E-16
9173.596,2.1451995E-16,3.783726E-17,1.3210187E-16
9179.116,6.632306E-17,3.671184E-17,1.6955913E-16
9184.637,4.8053896E-17,3.688778E-17,1.9313407E-16
9190.157,1.4404452E-16,3.7551326E-17,1.3646352E-16
9195.677,2.0749881E-16,3.8005958E-17,8.9527875E-17
9201.197,1.8669988E-16,3.7626077E-17,6.8107835E-17
9206.718,4.196732E-17,3.6794946E-17,1.8160208E-16
9212.237,3.7573372E-17,3.6777135E-17,1.9254585E-16
9217.758,1.3690097E-16,3.7112507E-17,1.136363E-16
9223.278,9.810966E-17,3.7160407E-17,1.9808359E-16
9228.799,4.6710148E-17,3.65431E-17,2.367125E-16
9234.318,1.175772E-16,3.630556E-17,1.9576296E-16
9239.839,0.0,3.5505563E-17,1.95558E-16
